  -6.5224338e-01  -7.5800961e-01
   3.8584055e+00   2.0623607e+00
  -1.6328513e+00   5.3827894e+00
  -4.7685935e+00   4.6966546e-01
  -5.3827894e+00   1.6328513e+00
   9.4597537e-01  -1.2067484e+00
  -1.2425256e+00   2.4611891e-01
  -5.0284751e-01  -1.4485356e+00
   1.1355621e+00  -5.6119791e-01
  -4.5612633e+00   4.4924523e-01
  -4.3859765e+00  -1.3304714e+00
  -2.0623607e+00   3.8584055e+00
   1.0567392e+00  -5.3125869e+00
   4.5833333e+00   0.0000000e+00
   4.3859765e+00  -1.3304714e+00
  -2.4551913e+00   4.5933399e+00
   3.7495063e-01  -9.2704478e-01
   4.1871400e+00   3.4362970e+00
  -4.3305709e+00   2.8935950e+00
  -1.2555724e+00  -1.6727929e-01
  -9.5014691e-01   3.1180259e-01
  -1.4557681e+00  -4.8150836e-01
  -5.9604450e-01  -1.1176652e+00
   4.6193977e+00  -1.9134172e+00
   8.6025759e-01   5.0985966e-01
  -3.3819207e+00   2.7754706e+00
  -4.1866140e+00   1.2699955e+00
   8.2468216e-01  -9.6142799e-01
   1.2521396e+00  -1.9128763e-01
  -7.8488541e-01   6.1964094e-01
  -1.2095195e+00  -3.9872514e+00
  -5.3092618e-01  -5.3905839e+00
   1.0729879e+00  -1.0953575e+00
   2.6621074e+00  -3.9841252e+00
  -7.3014469e-01  -1.0350523e+00
  -3.8584055e+00   2.0623607e+00
  -7.0050772e-01   7.1364483e-01
   1.9036808e-01  -1.5214700e+00
  -9.3991538e-01  -8.4911926e-01
  -8.5352016e-01   4.2909356e+00
   3.5284558e-01   1.2165297e+00
  -6.4362692e-02  -9.9792657e-01
   4.7916667e+00   0.0000000e+00
  -8.8240523e-01   4.7049017e-01
   9.1346618e-01   4.0691466e-01
   4.9608071e+00  -2.6516066e+00
   1.2008836e+00  -4.0289329e-01
  -2.4306198e+00  -3.6376796e+00
   2.2587760e+00  -4.2258727e+00
   2.2960385e-01  -9.7328417e-01
  -7.6540425e-16  -4.1666667e+00
   8.4294027e-01  -5.3800716e-01
   3.2208769e+00  -2.6433054e+00
   5.9239147e-01   8.0565026e-01
  -4.6995961e+00  -9.3480779e-01
   4.9759236e+00   4.9008570e-01
   2.6433054e+00   3.2208769e+00
  -5.1003534e-01   1.4460204e+00
   4.1871400e+00  -3.4362970e+00
   5.1832538e+00   5.1050594e-01
  -9.5936041e-01  -8.2708648e-01
  -9.7949859e-01   1.1797006e+00
   5.7051405e-01  -8.2128784e-01
  -3.8102844e-01  -9.2456332e-01
  -1.5267144e+00  -1.4231792e-01
  -4.5853391e+00   1.3909474e+00
   3.8650523e+00  -3.1719664e+00
   8.9037082e-01   4.5523598e-01
   6.0055667e-01  -7.9958219e-01
   9.7139772e-01   2.3745835e-01
   4.3001964e-01  -9.0281953e-01
   3.3882200e+00   3.3882200e+00
   1.5723753e+00   5.1834268e+00
  -9.6715560e-01   2.5418505e-01
   9.3823146e-01  -8.5097954e-01
  -4.0189307e-01  -9.1568661e-01
  -1.2384689e+00  -2.6578023e-01
  -4.2909356e+00  -8.5352016e-01
  -4.6995961e+00   9.3480779e-01
  -3.4815860e-01  -9.3743565e-01
   2.0774890e-01  -9.7818219e-01
   7.5547832e-01   1.3343027e+00
   2.4306198e+00   3.6376796e+00
   3.0268076e-01  -9.5309200e-01
  -4.5037937e+00   3.0093388e+00
  -3.7592145e-01   1.2095981e+00
   1.6328513e+00   5.3827894e+00
  -4.9762631e-01  -8.6739152e-01
   3.2208769e+00   2.6433054e+00
   1.2015635e+00   4.0086109e-01
   5.1050594e-01  -5.1832538e+00
  -5.0043475e+00   2.0728686e+00
  -5.5060388e-01   1.1407365e+00
  -4.2882499e-01  -4.3539332e+00
   6.6654859e-01   7.4546159e-01
  -5.0043475e+00  -2.0728686e+00
   1.1601436e+00   1.0025856e+00
  -1.4506427e+00   4.9673611e-01
  -2.1605684e+00   4.0421391e+00
   1.0973831e+00  -5.5169172e+00
   1.0699749e+00   6.7793677e-01
   1.2528384e-01  -1.5282065e+00
   2.0623607e+00  -3.8584055e+00
  -9.5198356e-01  -1.2020143e+00
   9.4002679e-01   3.4110063e-01
   7.4867601e-01   6.6293607e-01
  -1.7987004e-02  -9.9983822e-01
   2.2587760e+00   4.2258727e+00
  -3.5355339e+00   3.5355339e+00
   4.6193977e+00   1.9134172e+00
   2.4551913e+00   4.5933399e+00
  -8.7904714e-01  -9.1198715e-01
   1.0942295e+00   1.0741383e+00
  -1.5075962e+00  -2.7975822e-01
   4.3539332e+00  -4.2882499e-01
  -5.3905839e+00  -5.3092618e-01
  -5.3092618e-01   5.3905839e+00
   1.4514234e+00   4.7847017e+00
  -4.2524905e-01   1.4731851e+00
   5.3216939e-02   9.9858297e-01
  -3.8109024e+00  -2.5463636e+00
   4.6935680e-01  -1.1764985e+00
  -4.0260961e+00   3.3041317e+00
  -9.5626400e-01  -1.1986118e+00
  -8.6037389e-01   5.0966338e-01
  -6.3096005e-01  -1.3974980e+00
  -3.0398012e+00  -3.7040084e+00
  -4.6770166e+00  -3.1250826e+00
  -7.3213713e-01  -6.8115726e-01
  -4.2882499e-01   4.3539332e+00
   1.5118994e+00   4.9840642e+00
  -1.2610840e+00  -1.1879197e-01
  -1.0160954e+00   5.1082567e+00
   6.6570499e-01  -7.4621503e-01
   5.2144773e-01   1.1543555e+00
  -7.5149660e-01  -1.0196555e+00
  -1.4540895e+00  -4.8655390e-01
   1.4829817e+00   3.8971328e-01
  -3.8494981e+00  -1.5945143e+00
  -3.7794524e-01  -9.2582795e-01
   1.3223518e+00  -7.7620677e-01
   2.5533990e+00   4.7770735e+00
  -4.4952659e+00   8.9416398e-01
  -1.2398603e+00  -2.5921197e-01
  -3.6746719e+00   1.9641531e+00
   2.9462783e+00  -2.9462783e+00
  -4.5933399e+00  -2.4551913e+00
   5.3125869e+00  -1.0567392e+00
   3.9952125e-01  -9.1672394e-01
  -5.0000000e+00   6.1232340e-16
  -1.5282425e+00  -1.2484422e-01
  -7.0770821e-01   1.0505206e+00
  -4.4952659e+00  -8.9416398e-01
  -5.5979141e+00   5.5134641e-01
  -7.2512089e-01   1.0385779e+00
  -3.6376796e+00  -2.4306198e+00
   1.2050264e+00  -3.9032784e-01
   4.5612633e+00  -4.4924523e-01
   6.3200579e-01  -1.3970253e+00
  -2.5533990e+00   4.7770735e+00
   4.5933399e+00  -2.4551913e+00
   1.7539657e+00   4.2344479e+00
  -8.1287634e-01   4.0866053e+00
  -4.9759236e+00   4.9008570e-01
   2.3569837e+00   4.4096063e+00
  -4.7847017e+00   1.4514234e+00
   1.5249777e+00  -1.5985658e-01
  -1.1644353e-02   9.9993220e-01
   9.8416533e-01   1.7725291e-01
   9.7290308e-01  -2.3121333e-01
   2.9340496e-16   4.7916667e+00
  -4.5933399e+00   2.4551913e+00
  -4.3889901e-01  -1.4691762e+00
   6.3149246e-01  -1.0980263e+00
  -1.5286508e+00  -1.1974018e-01
   4.3305709e+00  -2.8935950e+00
   1.3339033e+00   7.5618322e-01
   4.0421391e+00  -2.1605684e+00
  -1.0422384e+00  -1.1246556e+00
   2.9474561e-01   9.5557576e-01
  -4.0840475e-01  -4.1466030e+00
  -2.6433054e+00  -3.2208769e+00
  -4.3305709e+00  -2.8935950e+00
  -1.2247391e+00   3.2320072e-01
   5.5134641e-01  -5.5979141e+00
  -3.3882200e+00   3.3882200e+00
   4.5612633e+00   4.4924523e-01
  -9.6260783e-01  -1.1935231e+00
   9.4980148e-01   3.1285324e-01
   3.5355339e+00  -3.5355339e+00
   2.7778512e+00   4.1573481e+00
  -2.7754706e+00  -3.3819207e+00
   5.3726635e-01  -8.4341263e-01
  -5.5134641e-01   5.5979141e+00
   1.4113292e-01   1.5268244e+00
  -6.0393480e-01  -7.9703373e-01
   1.7666546e-01   9.8427096e-01
   4.3481838e+00   3.5684622e+00
  -8.9374205e-01   4.4858127e-01
   3.5429646e+00   2.9076359e+00
   9.1766741e-01  -3.9734937e-01
  -1.4958286e-01   1.2578034e+00
  -9.9566994e-01  -9.2959023e-02
  -2.0728686e+00  -5.0043475e+00
  -1.1565572e+00  -5.1654620e-01
  -5.1832538e+00  -5.1050594e-01
  -2.2927811e-01  -9.7336096e-01
  -9.3480779e-01  -4.6995961e+00
   1.3304714e+00   4.3859765e+00
   1.5945143e+00  -3.8494981e+00
   9.7888788e-01  -8.0387995e-01
   6.4790104e-02  -9.9789891e-01
  -7.8477377e-01   6.1978233e-01
  -3.8301617e+00  -3.8301617e+00
   2.8935950e+00   4.3305709e+00
   3.3819207e+00   2.7754706e+00
   3.8494981e+00  -1.5945143e+00
   1.0473481e+00   1.1198987e+00
   3.6746719e+00   1.9641531e+00
   2.6516066e+00  -4.9608071e+00
   5.6811496e-01  -8.2294921e-01
  -4.0419730e+00   1.6742400e+00
  -9.3480779e-01   4.6995961e+00
  -1.8248184e-01  -1.2534532e+00
  -4.6966546e-01  -4.7685935e+00
  -8.4386913e-01   5.3654905e-01
  -5.3601395e-01   8.4420912e-01
   9.3297829e-01  -8.5673564e-01
  -7.1896367e-02  -9.9741211e-01
   3.4449954e-01  -9.3878649e-01
   8.8455892e-01  -4.6642847e-01
   1.5125432e+00  -2.5164272e-01
  -9.8453729e-01   1.7517515e-01
   9.2509418e-01  -8.6524285e-01
   1.2595976e+00   1.3363521e-01
  -1.6328513e+00  -5.3827894e+00
  -8.9416398e-01  -4.4952659e+00
   1.2662548e+00   3.2298358e-02
  -7.5821724e-01  -1.3327482e+00
  -5.5858593e-01  -1.4279681e+00
  -7.9960670e-01  -6.0052404e-01
   4.1866140e+00   1.2699955e+00
   3.4603003e-01  -1.2184858e+00
   9.4072453e-01   8.4822273e-01
  -1.2699955e+00   4.1866140e+00
   1.5701616e-01   1.5252728e+00
  -1.1176937e+00   1.0497008e+00
   9.4904280e-01   3.1514722e-01
  -4.5612633e+00  -4.4924523e-01
   4.2882499e-01   4.3539332e+00
   4.7847017e+00   1.4514234e+00
  -9.5675531e-16  -5.2083333e+00
  -1.2086122e+00   3.7907905e-01
  -4.4757035e-01  -1.1849579e+00
   6.6051785e-01   7.5081034e-01
   1.2557222e+00  -8.7992779e-01
  -1.3304714e+00  -4.3859765e+00
   1.1676704e+00   9.9380936e-01
  -5.5169172e+00  -1.0973831e+00
   5.1968224e+00   2.1525943e+00
   3.3041317e+00  -4.0260961e+00
  -4.6193977e+00   1.9134172e+00
  -1.0532794e+00  -7.0359573e-01
   7.8757381e-01   6.1622032e-01
   9.2111824e-01  -8.6947434e-01
  -9.7545161e-01  -4.9039264e+00
  -8.9416398e-01   4.4952659e+00
   4.3305709e+00   2.8935950e+00
  -8.2257306e-01   5.6865944e-01
  -3.0093388e+00  -4.5037937e+00
  -4.0866053e+00  -8.1287634e-01
   5.3905839e+00  -5.3092618e-01
   1.0696244e+00   6.7848963e-01
   5.0043475e+00   2.0728686e+00
  -4.1666667e+00   5.1026950e-16
  -6.6228363e-01  -1.0797337e+00
   9.3697752e-01  -3.4938964e-01
  -5.4645752e-02  -9.9850580e-01
   1.3634178e-01   9.9066186e-01
   1.1750766e+00   4.7290541e-01
  -3.3041317e+00   4.0260961e+00
  -1.9641531e+00   3.6746719e+00
   1.2571786e+00   1.5474636e-01
   3.3167517e-16   5.4166667e+00
   1.3633388e+00  -7.0172540e-01
  -3.6828478e+00   3.6828478e+00
  -4.5833333e+00   5.6129645e-16
   3.1719664e+00  -3.8650523e+00
  -4.0866053e+00   8.1287634e-01
   1.2493176e+00  -8.8899758e-01
   9.7211973e-01  -2.3448502e-01
   1.2666174e+00   1.1176649e-02
  -9.8853778e-01   1.5097369e-01
   9.9877538e-01  -4.9474637e-02
   2.1525943e+00   5.1968224e+00
  -2.2017782e-01   1.5174429e+00
  -8.5939649e-01   5.1130977e-01
   7.8018160e-01  -9.9787831e-01
   4.7685935e+00  -4.6966546e-01
  -5.2674042e-01   1.1519501e+00
   8.7411004e-01  -9.1672029e-01
   7.5377848e-01   6.5712861e-01
  -3.6893388e-01  -1.4882872e+00
  -8.4692293e-01  -9.4189490e-01
   3.9002220e-01  -9.2080546e-01
  -2.3148760e+00  -3.4644567e+00
  -4.8118726e+00  -1.9931429e+00
  -2.3569837e+00   4.4096063e+00
   2.7754706e+00   3.3819207e+00
  -4.4924523e-01  -4.5612633e+00
  -3.0935922e+00   3.0935922e+00
   4.0546824e-01  -1.4787517e+00
  -2.0728686e+00   5.0043475e+00
   4.9520331e-02  -9.9877312e-01
   9.8609546e-01  -1.1741920e+00
  -6.7329230e-01   7.3937641e-01
   4.5933399e+00   2.4551913e+00
   5.3092618e-01   5.3905839e+00
   1.5723753e+00  -5.1834268e+00
  -4.7916667e+00   5.8680992e-16
   8.9154793e-01  -1.2474989e+00
   7.2873394e-01   1.0360460e+00
   7.7413038e-01  -6.3302619e-01
  -3.2429787e-01  -1.4986467e+00
  -6.0237877e-01  -1.4100535e+00
   1.2639936e+00  -8.2246759e-02
  -9.0361280e-01  -1.2387877e+00
  -4.2258727e+00   2.2587760e+00
   3.9872514e+00  -1.2095195e+00
  -2.2587760e+00   4.2258727e+00
   7.6440135e-01   6.4474070e-01
   2.7754706e+00  -3.3819207e+00
  -9.4909168e-01   1.2042990e+00
  -1.0567392e+00  -5.3125869e+00
  -3.2409061e+00   3.2409061e+00
   5.5169172e+00   1.0973831e+00
   4.7847017e+00  -1.4514234e+00
   1.0649717e+00   6.8576938e-01
   6.0324585e-02   9.9817881e-01
  -4.2258727e+00  -2.2587760e+00
  -4.7770735e+00  -2.5533990e+00
  -1.9931429e+00  -4.8118726e+00
   4.0866053e+00  -8.1287634e-01
   3.9841252e+00   2.6621074e+00
   5.3905839e+00   5.3092618e-01
  -1.0142783e+00   7.5873839e-01
   9.8682464e-01   1.6179345e-01
   4.9840642e+00  -1.5118994e+00
  -4.8118726e+00   1.9931429e+00
   4.6966546e-01  -4.7685935e+00
  -4.4269228e+00  -1.8336914e+00
   3.2409061e+00   3.2409061e+00
   3.9992981e-01  -9.1654577e-01
  -4.5853391e+00  -1.3909474e+00
   2.5463636e+00  -3.8109024e+00
   4.4269228e+00  -1.8336914e+00
   1.9134172e+00  -4.6193977e+00
  -9.8403168e-01  -1.7799338e-01
   7.0443387e-01  -7.0976962e-01
  -6.2902183e-01  -7.7738764e-01
  -1.9869917e-02  -9.9980257e-01
  -5.9482626e-01   1.1183140e+00
   8.1622889e-01  -9.6861491e-01
   3.8494981e+00   1.5945143e+00
  -3.8301617e+00   3.8301617e+00
  -3.8109024e+00   2.5463636e+00
  -2.6838750e-01  -9.6331104e-01
   1.0385811e+00   7.2511639e-01
  -9.7545161e-01   4.9039264e+00
  -4.2344479e+00   1.7539657e+00
  -1.4112620e+00   5.9954216e-01
  -3.1962359e-01  -1.4996506e+00
  -3.2383706e-01   9.4611287e-01
   3.9268309e-01   9.1967385e-01
  -4.4269228e+00   1.8336914e+00
  -1.3304714e+00   4.3859765e+00
  -1.0566133e+00   6.9857906e-01
   1.8336914e+00  -4.4269228e+00
  -5.1832538e+00   5.1050594e-01
   3.5684622e+00  -4.3481838e+00
  -6.2330525e-01  -1.4009289e+00
   4.8118726e+00   1.9931429e+00
  -1.1349322e+00  -5.6247084e-01
   4.4924523e-01  -4.5612633e+00
  -2.6621074e+00  -3.9841252e+00
  -5.1082567e+00   1.0160954e+00
   9.1113484e-01   1.2332658e+00
   1.0893483e+00   6.4634717e-01
   1.6742400e+00   4.0419730e+00
   1.5118994e+00  -4.9840642e+00
   5.3092618e-01  -5.3905839e+00
  -4.3640565e-01  -8.9975002e-01
  -8.5827423e-01  -5.1319134e-01
  -4.2909356e+00   8.5352016e-01
  -4.6770166e+00   3.1250826e+00
   3.1719664e+00   3.8650523e+00
   3.0935922e+00   3.0935922e+00
   1.5317734e+00   6.9148015e-02
  -1.4569353e+00  -4.7796505e-01
   2.8047964e-01   9.5985997e-01
   1.5327205e+00  -4.3348793e-02
   6.3584991e-01   7.7181273e-01
   1.1240053e+00  -1.0429397e+00
  -1.1662638e+00   4.9423991e-01
  -1.0659429e+00  -1.1022145e+00
   6.1032672e-01  -1.4066316e+00
  -2.7754706e+00   3.3819207e+00
  -2.3569837e+00  -4.4096063e+00
  -5.2083333e+00   6.3783687e-16
  -1.2095195e+00   3.9872514e+00
   1.8336914e+00   4.4269228e+00
  -3.7040084e+00  -3.0398012e+00
  -4.4096063e+00  -2.3569837e+00
  -4.1466030e+00  -4.0840475e-01
  -3.9841252e+00  -2.6621074e+00
  -1.3909474e+00   4.5853391e+00
  -9.0284810e-01   8.8843107e-01
   9.9222719e-01  -1.2443954e-01
   1.9931429e+00   4.8118726e+00
  -1.7422270e-01  -1.5234033e+00
   3.6828478e+00   3.6828478e+00
  -7.2538904e-01  -1.0383907e+00
   1.4685300e+00  -4.4105624e-01
   1.5309123e+00  -8.6132241e-02
  -1.2132421e+00   3.6398908e-01
   6.1260358e-02   1.2651844e+00
   2.7623123e-01   9.6109121e-01
   8.5352016e-01   4.2909356e+00
   6.7227318e-01  -7.4030316e-01
   4.4952659e+00  -8.9416398e-01
  -1.0314278e+00  -1.1345783e+00
   8.9062058e-01   4.5474715e-01
  -9.2918601e-01   3.6961244e-01
   5.5737792e-02   1.2654397e+00
   4.9759236e+00  -4.9008570e-01
  -8.5076652e-01  -5.2554384e-01
   1.4434612e+00   5.1723377e-01
  -8.0367446e-16  -4.3750000e+00
   1.5213301e+00  -1.9148297e-01
  -5.1059094e-01   1.1591986e+00
   1.3685567e+00  -6.9149374e-01
   4.7770735e+00  -2.5533990e+00
  -6.0701000e-01   1.4080660e+00
   9.5501413e-01  -1.1996079e+00
   4.5872925e-02   1.2658357e+00
   7.5579690e-01  -6.5480611e-01
   2.8443684e-01  -1.5067205e+00
   9.3363544e-01  -8.5601946e-01
  -3.3041317e+00  -4.0260961e+00
  -4.3481838e+00   3.5684622e+00
  -4.9008570e-01   4.9759236e+00
  -2.6516066e+00   4.9608071e+00
  -1.2105275e+00   3.7291774e-01
  -3.2627174e-01  -1.2239245e+00
  -5.1834268e+00  -1.5723753e+00
  -1.1704008e+00   4.8436177e-01
  -1.5311098e+00  -8.2546124e-02
   1.1183034e+00   5.9484613e-01
  -2.3481381e-01   1.2447116e+00
  -5.1968224e+00   2.1525943e+00
  -8.8678012e-01   4.6219154e-01
   4.2258727e+00   2.2587760e+00
  -3.9872514e+00   1.2095195e+00
   1.1543765e+00  -5.2140133e-01
  -2.6621074e+00   3.9841252e+00
  -7.4784665e-02   1.2644571e+00
  -4.3539332e+00   4.2882499e-01
  -4.9039264e+00   9.7545161e-01
  -9.3574072e-01   3.5268867e-01
  -3.1250826e+00   4.6770166e+00
  -4.0840475e-01   4.1466030e+00
  -1.0573073e+00   1.1105010e+00
   6.0867204e-01  -1.4073484e+00
   9.1741267e-01   3.9793718e-01
   2.9462783e+00   2.9462783e+00
   8.7930781e-01   4.7625390e-01
  -3.6828478e+00  -3.6828478e+00
   5.0043475e+00  -2.0728686e+00
  -1.4530228e+00  -4.8973028e-01
   4.5037937e+00  -3.0093388e+00
  -8.1287634e-01  -4.0866053e+00
   1.3909474e+00   4.5853391e+00
   4.5101988e-01  -1.4655007e+00
  -1.8336914e+00  -4.4269228e+00
  -5.9677974e-01   8.0240510e-01
  -3.8650523e+00  -3.1719664e+00
  -1.5323414e+00   5.5144740e-02
  -9.5963640e-01   2.8124364e-01
  -9.9403488e-01  -1.0906260e-01
   3.8301617e+00  -3.8301617e+00
  -2.1525943e+00  -5.1968224e+00
  -1.5118994e+00   4.9840642e+00
   3.6746719e+00  -1.9641531e+00
   3.7040084e+00  -3.0398012e+00
  -1.2321507e+00   2.9368189e-01
  -4.3481838e+00  -3.5684622e+00
  -4.5037937e+00  -3.0093388e+00
   4.7685935e+00   4.6966546e-01
  -3.2464461e-01   1.4985716e+00
  -4.3982786e-01   8.9808210e-01
  -4.6196065e-01  -8.8690042e-01
   7.4861455e-01  -6.6300547e-01
   3.0093388e+00  -4.5037937e+00
   5.5134641e-01   5.5979141e+00
  -8.1675726e-01   5.7698144e-01
   4.3859765e+00   1.3304714e+00
   4.5853391e+00  -1.3909474e+00
   3.9539566e-01   9.1851090e-01
  -1.0973831e+00   5.5169172e+00
   1.2095195e+00  -3.9872514e+00
   4.0260961e+00  -3.3041317e+00
   9.5779910e-01   2.8743847e-01
  -1.1582582e+00   5.1272066e-01
   4.1466030e+00   4.0840475e-01
   5.3125869e+00   1.0567392e+00
  -5.1968224e+00  -2.1525943e+00
  -8.4194467e-16  -4.5833333e+00
   3.9883350e-01  -1.4805549e+00
  -1.2431797e+00  -2.4279327e-01
   4.1573481e+00   2.7778512e+00
  -6.1159915e-02   9.9812798e-01
  -7.9360069e-01   9.8723978e-01
  -1.4392683e-01  -9.8958833e-01
   1.3783852e+00  -6.7168834e-01
   5.4485480e-01  -1.4332635e+00
   1.1171382e+00  -5.9703161e-01
  -2.4600561e-01   9.6926841e-01
  -1.8336914e+00   4.4269228e+00
   5.1832538e+00  -5.1050594e-01
  -2.9462783e+00  -2.9462783e+00
  -4.7847017e+00  -1.4514234e+00
  -8.6307606e-02   1.5309024e+00
  -3.9774756e+00   3.9774756e+00
   1.2538603e+00  -1.7966293e-01
  -1.0260711e+00  -1.1394249e+00
  -9.6877280e-01   2.4795013e-01
  -5.5169172e+00   1.0973831e+00
   5.1834268e+00   1.5723753e+00
  -5.6832575e-01   1.4241197e+00
  -1.5307637e+00  -8.8733399e-02
   2.2541471e-01  -9.7426290e-01
   1.3243665e+00   7.7276411e-01
  -1.0758061e+00  -1.0925897e+00
  -1.0207686e-01  -1.5299318e+00
   7.3461012e-02   9.9729809e-01
  -8.6300831e-01  -5.0518972e-01
  -2.2587760e+00  -4.2258727e+00
  -2.1936304e-01   9.7564330e-01
  -8.2942022e-01   9.5734348e-01
   1.0160954e+00  -5.1082567e+00
  -4.4924523e-01   4.5612633e+00
  -3.4644567e+00  -2.3148760e+00
   1.5299197e+00  -1.0225846e-01
   8.9984844e-01   4.3620269e-01
   3.9774756e+00   3.9774756e+00
  -4.9608071e+00  -2.6516066e+00
  -5.1834268e+00   1.5723753e+00
  -1.5114718e+00   2.5800004e-01
   1.1475772e+00   5.3620049e-01
  -6.3987251e-01  -1.0931640e+00
   5.3917822e-01  -8.4219169e-01
  -1.5594285e-01  -1.2570307e+00
   2.1605684e+00  -4.0421391e+00
  -3.0398012e+00   3.7040084e+00
  -1.3235696e+00   7.7412826e-01
   8.4069025e-01  -5.4151630e-01
   2.6621074e+00   3.9841252e+00
   3.4362970e+00   4.1871400e+00
   4.0840475e-01  -4.1466030e+00
  -3.5429646e+00  -2.9076359e+00
   3.3819207e+00  -2.7754706e+00
  -7.3409996e-01  -6.7904142e-01
  -6.4297213e-01  -1.3920122e+00
   1.4844592e+00  -3.8404676e-01
   1.2653730e+00  -5.7233191e-02
   1.5302820e+00  -9.6686305e-02
  -5.5979141e+00  -5.5134641e-01
   5.4166667e+00   0.0000000e+00
  -9.9374136e-01   1.1170549e-01
   5.3753053e-01  -1.1469548e+00
  -1.2026837e+00   3.9748749e-01
   2.6789149e-16   4.3750000e+00
  -2.4228739e-01  -1.2432784e+00
   4.6995961e+00  -9.3480779e-01
   3.0398012e+00  -3.7040084e+00
  -2.5046133e-01   1.2416576e+00
  -2.0699007e-01  -9.7834304e-01
   4.1750069e-01   1.4753997e+00
  -8.8418102e-01   4.6714444e-01
   4.4096063e+00   2.3569837e+00
  -3.2409061e+00  -3.2409061e+00
   3.1539350e-01   1.5005459e+00
   2.1605684e+00   4.0421391e+00
   1.2975189e-01  -1.2600035e+00
   9.9609914e-01   8.8241140e-02
   4.3539332e+00   4.2882499e-01
   1.9641531e+00   3.6746719e+00
   4.4269228e+00   1.8336914e+00
  -1.5945143e+00   3.8494981e+00
   3.9774756e+00  -3.9774756e+00
  -5.1050594e-01   5.1832538e+00
  -3.2939421e-01  -1.4975348e+00
  -1.4462719e+00   5.0932175e-01
   9.9851319e-01   5.4510681e-02
  -5.5134641e-01  -5.5979141e+00
   1.9641531e+00  -3.6746719e+00
   3.4644567e+00  -2.3148760e+00
   9.8310984e-01   1.1766929e+00
  -2.5533990e+00  -4.7770735e+00
   3.1250826e+00   4.6770166e+00
   9.2521742e-01   3.7943739e-01
  -1.2652795e+00   5.9264798e-02
  -2.1366567e-01  -1.2485157e+00
   9.9779745e-01  -6.6334445e-02
  -2.3090773e-01  -1.5158472e+00
  -8.1482489e-01  -9.6979629e-01
   2.5533990e+00  -4.7770735e+00
  -3.5684622e+00   4.3481838e+00
  -3.9774756e+00  -3.9774756e+00
  -2.9076359e+00   3.5429646e+00
  -1.0973831e+00  -5.5169172e+00
  -1.5329720e+00  -3.3283825e-02
  -1.1938687e+00   4.2322802e-01
  -1.4298399e+00   5.5377698e-01
  -7.6621408e-02   9.9706026e-01
   1.2341704e+00   2.8507540e-01
  -9.0457884e-01   1.2380825e+00
  -4.1866140e+00  -1.2699955e+00
  -9.5542100e-01   2.9524688e-01
  -1.5723753e+00   5.1834268e+00
  -9.3845527e-01   3.4540078e-01
  -3.4362970e+00  -4.1871400e+00
   7.2310818e-01  -1.3521190e+00
  -1.6054049e-01   9.8702925e-01
   9.6878688e-01  -2.4789509e-01
   5.1082567e+00  -1.0160954e+00
  -4.6193977e+00  -1.9134172e+00
   1.5314467e+00   7.6041079e-02
   4.2511150e-01   9.0514099e-01
   3.3041317e+00   4.0260961e+00
  -1.2851105e+00   8.3642228e-01
   4.9008570e-01  -4.9759236e+00
  -3.4388612e-01   1.4942736e+00
  -1.1523555e+00  -1.0115275e+00
   4.2309151e-01   9.0608696e-01
   6.4823733e-01  -1.3895681e+00
  -2.7846143e-01   1.5078363e+00
   3.9841252e+00  -2.6621074e+00
   9.3789367e-01   8.5135181e-01
   3.7040084e+00   3.0398012e+00
   2.2040986e-01  -9.7540735e-01
  -4.9759236e+00  -4.9008570e-01
  -9.1848510e-16  -5.0000000e+00
   8.1287634e-01   4.0866053e+00
   3.4443191e-16   5.6250000e+00
   4.3147335e-01  -1.4713741e+00
  -4.9840642e+00  -1.5118994e+00
   8.5896597e-01  -9.3092530e-01
   5.5979141e+00   5.5134641e-01
  -3.9841252e+00   2.6621074e+00
  -4.9947794e-01  -1.4497010e+00
   4.2909356e+00  -8.5352016e-01
   3.5429646e+00  -2.9076359e+00
  -2.9877013e-01   1.5039440e+00
  -1.0580192e+00  -1.1098228e+00
   5.5590904e-01  -8.3124313e-01
  -4.3859765e+00   1.3304714e+00
   8.9416398e-01   4.4952659e+00
   8.2256421e-01  -5.6867224e-01
   1.4780960e+00   4.0785217e-01
   1.5945143e+00   3.8494981e+00
   1.2095195e+00   3.9872514e+00
   4.2016354e-01   9.0744840e-01
  -4.3750000e+00   5.3578297e-16
  -3.1719664e+00  -3.8650523e+00
   3.8109024e+00  -2.5463636e+00
  -4.4621688e-01   1.1854682e+00
   8.7695126e-01   4.8057933e-01
   6.7072772e-01  -7.4170367e-01
  -1.5723753e+00  -5.1834268e+00
   3.2409061e+00  -3.2409061e+00
  -3.2828261e-01   1.4977789e+00
  -5.9471514e-01   8.0393650e-01
   9.1609971e-01  -8.7476041e-01
  -2.9462783e+00   2.9462783e+00
  -2.1605684e+00  -4.0421391e+00
  -3.7421631e-01  -9.2734144e-01
  -1.7539657e+00   4.2344479e+00
  -6.6371836e-01  -7.4798258e-01
   2.4551913e+00  -4.5933399e+00
   5.1082567e+00   1.0160954e+00
  -2.7778512e+00  -4.1573481e+00
  -3.5355339e+00  -3.5355339e+00
   1.5105942e+00  -2.6308995e-01
  -3.4362970e+00   4.1871400e+00
  -9.8238045e-02  -9.9516294e-01
   5.1290691e-01   1.1581757e+00
   4.0419730e+00  -1.6742400e+00
   3.6376796e+00   2.4306198e+00
   7.7017062e-01   1.0056250e+00
   2.6516066e+00   4.9608071e+00
  -1.5332568e+00  -1.5322520e-02
   4.2909356e+00   8.5352016e-01
   3.8301617e+00   3.8301617e+00
   8.9416398e-01  -4.4952659e+00
  -4.3539332e+00  -4.2882499e-01
  -4.7770735e+00   2.5533990e+00
  -1.3909474e+00  -4.5853391e+00
  -4.9039264e+00  -9.7545161e-01
  -2.4306198e+00   3.6376796e+00
  -1.5118994e+00  -4.9840642e+00
  -4.9840642e+00   1.5118994e+00
   9.0213446e-01  -8.8915570e-01
   4.4952659e+00   8.9416398e-01
   3.6376796e+00  -2.4306198e+00
   4.1866140e+00  -1.2699955e+00
   4.2258727e+00  -2.2587760e+00
   1.9931429e+00  -4.8118726e+00
   4.6966546e-01   4.7685935e+00
  -9.9374674e-01  -7.8543736e-01
   4.6995961e+00   9.3480779e-01
  -6.3436117e-01  -1.3959574e+00
   2.2963395e-02  -1.2664585e+00
  -1.2508093e+00   1.9980129e-01
   3.0093388e+00   4.5037937e+00
   3.1250826e+00  -4.6770166e+00
  -9.9333165e-01  -1.1529198e-01
   6.6424120e-01  -1.3819894e+00
  -3.5429646e+00   2.9076359e+00
  -2.9389311e-01  -1.5049046e+00
   2.3148760e+00  -3.4644567e+00
  -7.3548566e-01   1.0312639e+00
  -2.5463636e+00   3.8109024e+00
   2.0728686e+00  -5.0043475e+00
   1.0493861e+00  -7.0938938e-01
   9.3674436e-01   3.5001428e-01
  -5.3905839e+00   5.3092618e-01
   1.1921392e+00   4.2807535e-01
   4.5037937e+00   3.0093388e+00
   4.4924523e-01   4.5612633e+00
  -6.0084644e-01  -7.9936447e-01
   8.5352016e-01  -4.2909356e+00
   5.3524744e-02  -9.9856652e-01
  -2.4066354e-01  -9.7060860e-01
   2.4306198e+00  -3.6376796e+00
   3.8650523e+00   3.1719664e+00
   3.8109024e+00   2.5463636e+00
   4.1466030e+00  -4.0840475e-01
   8.0762406e-01   9.7580112e-01
  -1.2544024e+00  -1.7583791e-01
   6.0569302e-01  -1.1124659e+00
  -8.4989768e-01   9.3921157e-01
   1.4857735e+00  -3.7893046e-01
   9.9192940e-01   1.2679140e-01
  -3.5684622e+00  -4.3481838e+00
   4.0840475e-01   4.1466030e+00
   9.9301850e-01  -1.1795875e-01
  -1.4839838e+00   3.8587982e-01
  -2.1853976e-01  -1.5176796e+00
   4.5853391e+00   1.3909474e+00
  -9.9741176e-01   7.1901142e-02
   5.1050594e-01   5.1832538e+00
   2.9236828e-01  -1.2324631e+00
   5.3827894e+00  -1.6328513e+00
   3.1891844e-16   5.2083333e+00
  -4.5013892e-01   1.4657715e+00
   5.6250000e+00   0.0000000e+00
  -3.5070053e-01  -1.2171498e+00
   2.0728686e+00   5.0043475e+00
  -1.4743480e+00  -4.2119946e-01
  -9.6424663e-01   2.6500648e-01
  -3.8494981e+00   1.5945143e+00
   4.7555864e-01   8.7968402e-01
   2.3569837e+00  -4.4096063e+00
   3.5355339e+00   3.5355339e+00
   3.8584055e+00  -2.0623607e+00
   9.7545161e-01   4.9039264e+00
  -3.8584055e+00  -2.0623607e+00
   2.4538139e-01  -1.5135716e+00
  -3.3819207e+00  -2.7754706e+00
  -2.3148760e+00   3.4644567e+00
  -1.0332957e-15  -5.6250000e+00
  -1.3202425e+00  -7.7978891e-01
   2.8935950e+00  -4.3305709e+00
  -1.2306325e+00  -2.9998035e-01
  -4.1922294e-01   1.4749113e+00
   2.5513475e-16   4.1666667e+00
   4.9008570e-01   4.9759236e+00
  -3.3882200e+00  -3.3882200e+00
  -1.0160954e+00  -5.1082567e+00
  -1.6742400e+00   4.0419730e+00
   1.1137420e+00   1.0538928e+00
   4.6770166e+00   3.1250826e+00
   1.2447236e+00   2.3475029e-01
   1.1727270e+00  -9.8783730e-01
  -1.2919851e+00   8.2576364e-01
  -6.8922389e-01  -1.0627393e+00
   1.4668910e-01  -1.5263006e+00
   1.0567392e+00   5.3125869e+00
  -2.6516066e+00  -4.9608071e+00
  -5.1082567e+00  -1.0160954e+00
  -4.0421391e+00   2.1605684e+00
   7.6268177e-01  -6.4677393e-01
   1.6328513e+00  -5.3827894e+00
   1.0706128e+00  -1.0976791e+00
  -1.6742400e+00  -4.0419730e+00
   2.6433054e+00  -3.2208769e+00
  -2.0623607e+00  -3.8584055e+00
   4.1666667e+00  -1.0205390e-15
  -1.0888440e-01  -9.9405442e-01
  -1.4514234e+00  -4.7847017e+00
   1.0850836e+00  -6.5348140e-01
  -2.1525943e+00   5.1968224e+00
   9.7402960e-01  -2.2642072e-01
   4.9039264e+00   9.7545161e-01
   1.9134172e+00   4.6193977e+00
   2.1525943e+00  -5.1968224e+00
   5.0000000e+00   0.0000000e+00
  -1.1785923e+00  -4.6407401e-01
  -1.5330247e+00   3.0762632e-02
  -5.3125869e+00  -1.0567392e+00
  -1.2515385e+00   8.8586823e-01
   8.1287634e-01  -4.0866053e+00
   3.3187586e-01   9.4332307e-01
  -5.3827894e+00  -1.6328513e+00
  -5.1892908e-01   8.5481730e-01
  -9.9851306e-01   5.4513007e-02
  -1.2580693e+00   8.7656876e-01
  -4.4096063e+00   2.3569837e+00
  -4.1466030e+00   4.0840475e-01
   3.4533250e-01  -1.4939399e+00
   9.7545161e-01  -4.9039264e+00
  -2.4551913e+00  -4.5933399e+00
   9.6825683e-01  -8.1665364e-01
  -5.3125869e+00   1.0567392e+00
  -3.6746719e+00  -1.9641531e+00
   1.5239682e+00  -1.6921019e-01
  -1.9134172e+00   4.6193977e+00
  -1.2699955e+00  -4.1866140e+00
   5.5979141e+00  -5.5134641e-01
   3.6828478e+00  -3.6828478e+00
   3.5684622e+00   4.3481838e+00
  -4.1573481e+00  -2.7778512e+00
  -4.2344479e+00  -1.7539657e+00
  -1.9641531e+00  -3.6746719e+00
   4.0260961e+00   3.3041317e+00
  -2.5463636e+00  -3.8109024e+00
   5.5169172e+00  -1.0973831e+00
   2.3484359e-01  -1.2447060e+00
   1.2833377e+00   8.3913972e-01
   3.4709518e-01   9.3782991e-01
  -8.8021489e-16  -4.7916667e+00
  -6.1527366e-01  -1.1071959e+00
   4.6770166e+00  -3.1250826e+00
   1.3304714e+00  -4.3859765e+00
   1.0778079e+00   6.6541312e-01
   2.7778512e+00  -4.1573481e+00
   4.3481838e+00  -3.5684622e+00
  -7.8820919e-01  -6.1540740e-01
   4.9840642e+00   1.5118994e+00
  -3.1719664e+00   3.8650523e+00
   9.6834176e-01   2.4962821e-01
   1.4787919e+00  -4.0532171e-01
  -1.7539657e+00  -4.2344479e+00
  -1.4379479e+00   5.3236925e-01
  -7.5141175e-01   6.5983360e-01
   9.3480779e-01   4.6995961e+00
   6.9278294e-01  -1.0604227e+00
  -1.2580400e+00   1.4757973e-01
   5.2083333e+00   0.0000000e+00
  -9.9445480e-01  -1.0516489e-01
  -2.9076359e+00  -3.5429646e+00
  -6.7447538e-01  -7.3829734e-01
   1.4664330e+00   4.4797937e-01
  -1.1607378e+00   1.0018977e+00
  -4.1573481e+00   2.7778512e+00
  -3.2208769e+00  -2.6433054e+00
  -3.6376796e+00   2.4306198e+00
  -3.8650523e+00   3.1719664e+00
  -1.2389682e+00   2.6344306e-01
  -1.1734778e-01   9.9309088e-01
   2.6006926e-01   9.6558997e-01
   8.2926331e-01   5.5885809e-01
   4.2344479e+00  -1.7539657e+00
  -4.7317809e-01  -1.1749668e+00
  -1.0256119e+00  -7.4334692e-01
  -1.9134172e+00  -4.6193977e+00
  -4.9608071e+00   2.6516066e+00
  -3.4644567e+00   2.3148760e+00
   1.1492157e+00   5.3267973e-01
   1.0631809e-01  -1.5296430e+00
   1.2699955e+00   4.1866140e+00
  -4.0260961e+00  -3.3041317e+00
  -5.6250000e+00   6.8886382e-16
   2.5463636e+00   3.8109024e+00
   3.2033962e-01  -9.4730276e-01
   6.8601608e-01  -7.2758637e-01
   3.4362970e+00  -4.1871400e+00
  -7.2910594e-01   1.3488942e+00
   4.0866053e+00   8.1287634e-01
  -4.4180355e-01  -1.1871201e+00
   8.2770366e-01   9.5882798e-01
   4.0421391e+00   2.1605684e+00
  -1.4147143e+00  -5.9134967e-01
  -6.1001274e-01  -7.9239161e-01
   1.4851774e+00  -3.8125985e-01
   6.8024812e-01  -1.0685069e+00
  -2.8935950e+00  -4.3305709e+00
  -5.4166667e+00   6.6335035e-16
  -3.9872514e+00  -1.2095195e+00
   2.0225665e-01  -1.5199353e+00
   4.2882499e-01  -4.3539332e+00
  -2.0289987e-01  -9.7919949e-01
  -1.1363717e+00  -5.5955669e-01
   3.4640646e-01   1.2183788e+00
   1.5315119e+00  -7.4716201e-02
   1.0406072e+00   1.1261651e+00
  -9.9502552e-16  -5.4166667e+00
   3.1897621e-01  -1.2258461e+00
  -2.6433054e+00   3.2208769e+00
  -4.1871400e+00  -3.4362970e+00
  -3.7040084e+00   3.0398012e+00
   4.8118726e+00  -1.9931429e+00
   3.0616170e-16   5.0000000e+00
   1.3303248e+00   7.6246124e-01
  -4.9008570e-01  -4.9759236e+00
   3.2558313e-01   1.2241079e+00
  -3.0935922e+00  -3.0935922e+00
   5.3827894e+00   1.6328513e+00
   5.1968224e+00  -2.1525943e+00
   6.3250921e-01   1.0974409e+00
   6.4214630e-01  -7.6658211e-01
   2.9076359e+00  -3.5429646e+00
   9.3480779e-01  -4.6995961e+00
   4.4096063e+00  -2.3569837e+00
  -9.1125822e-02   1.2633846e+00
   1.1334438e+00   5.6546415e-01
  -1.3415872e+00   7.4246534e-01
  -2.7778512e+00   4.1573481e+00
   1.1114033e+00  -1.0563588e+00
  -1.0781038e+00   1.0903225e+00
   9.5671610e-01   2.9102286e-01
   4.4738755e-01  -8.9434019e-01
  -1.4514234e+00   4.7847017e+00
   2.1310241e-03  -9.9999773e-01
   6.3804847e-01   1.0942297e+00
   4.2344479e+00   1.7539657e+00
   1.7539657e+00  -4.2344479e+00
   3.0398012e+00   3.7040084e+00
   3.7357805e-01   9.2759875e-01
  -3.7741871e-01  -9.2604272e-01
  -3.0093388e+00   4.5037937e+00
   1.5272156e+00  -1.3683484e-01
   3.9872514e+00   1.2095195e+00
   1.3909474e+00  -4.5853391e+00
   4.0419730e+00   1.6742400e+00
   1.0973831e+00   5.5169172e+00
  -8.5352016e-01  -4.2909356e+00
  -5.1050594e-01  -5.1832538e+00
   1.2499186e+00   2.0529989e-01
   9.9284966e-01   7.8657104e-01
  -5.0784032e-01  -1.1604062e+00
   3.0935922e+00  -3.0935922e+00
  -9.9908182e-01  -4.2842831e-02
  -4.0421391e+00  -2.1605684e+00
  -1.2649176e+00   6.6542816e-02
  -4.7685935e+00  -4.6966546e-01
   1.2623981e+00  -8.7032302e-01
  -5.8799668e-01   8.0886334e-01
   1.2699955e+00  -4.1866140e+00
  -7.2908738e-01  -1.0357973e+00
   5.1834268e+00  -1.5723753e+00
   2.8064822e-16   4.5833333e+00
   4.1573481e+00  -2.7778512e+00
  -4.1871400e+00   3.4362970e+00
  -1.2338596e+00   9.1033052e-01
   6.8930385e-01   7.2447236e-01
   2.3148760e+00   3.4644567e+00
   1.6742400e+00  -4.0419730e+00
   4.9039264e+00  -9.7545161e-01
   9.6002841e-01  -2.7990258e-01
  -1.9931429e+00   4.8118726e+00
   5.9885599e-01   8.0085673e-01
   3.4644567e+00   2.3148760e+00
   2.9076359e+00   3.5429646e+00
  -2.7336352e-01  -9.6191080e-01
  -9.6004551e-01   2.7984391e-01
   2.0623607e+00   3.8584055e+00
  -4.6966546e-01   4.7685935e+00
   2.9964926e-01   1.2307131e+00
   6.9775822e-01   1.0571556e+00
   1.4514234e+00  -4.7847017e+00
  -4.0419730e+00  -1.6742400e+00
   1.0160954e+00   5.1082567e+00
  -7.1602603e-01  -6.9807358e-01
   7.0267909e-01  -1.3628475e+00
   3.3882200e+00  -3.3882200e+00
   4.9608071e+00   2.6516066e+00
   4.3750000e+00   0.0000000e+00
  -1.5945143e+00  -3.8494981e+00
   7.9443920e-01  -6.0734368e-01
  -2.8935950e+00   4.3305709e+00
  -3.2208769e+00   2.6433054e+00
  -5.7887619e-01   8.1541545e-01
  -1.0736656e+00  -6.7207631e-01
  -7.0608007e-01   7.0813201e-01
  -1.5280191e+00  -1.2754866e-01
   4.7770735e+00   2.5533990e+00
   1.4120713e+00   5.9763356e-01
  -3.1250826e+00  -4.6770166e+00
   9.4902872e-01   3.1518960e-01
  -1.0567392e+00   5.3125869e+00
