   7.8156313e-01   1.4142032e+00
  -8.8777555e+00  -1.3742235e+00
   7.2344689e+00   1.3948000e+00
  -8.4769539e+00  -1.3955995e+00
  -3.5871743e+00  -4.7137727e-01
   3.8076152e-01   1.3000095e+00
   6.7134269e+00   1.3259554e+00
  -9.9198397e+00  -4.0485343e-01
   8.4368737e+00   2.8443342e-01
   5.2705411e+00  -3.1861559e-01
   5.2304609e+00  -3.7356957e-01
   1.0621242e+00   1.3604099e+00
  -5.1903808e+00   1.3479175e+00
   6.6733467e+00   1.3051854e+00
  -1.6232465e+00  -1.0510509e+00
  -5.5511022e+00   1.4122041e+00
   8.1162325e+00   7.0655381e-01
   1.1823647e+00   1.3042415e+00
  -7.0340681e+00   4.8802363e-02
   8.5571142e+00   1.1620990e-01
  -9.4789579e+00  -9.4437917e-01
   6.8336673e+00   1.3753706e+00
  -5.1503006e+00   1.3296883e+00
   6.0320641e+00   7.2014430e-01
  -5.3507014e+00   1.3989434e+00
  -8.9579158e+00  -1.3430714e+00
   1.9839679e+00   5.1433591e-01
   9.8797595e+00  -1.3377149e+00
   9.9198397e+00  -1.3550254e+00
  -8.5170341e+00  -1.4036424e+00
  -5.4308617e+00   1.4110476e+00
  -1.1422846e+00  -4.9406757e-01
  -5.3106212e+00   1.3895151e+00
   2.6052104e-01   1.2238399e+00
  -7.3547094e+00  -3.9914453e-01
   2.9458918e+00  -7.8645755e-01
   6.6132265e-01   1.4033418e+00
   6.9939880e+00   1.4102807e+00
  -2.5851703e+00  -1.3773017e+00
  -5.5911824e+00   1.4080502e+00
   3.7474950e+00  -1.3914926e+00
  -8.1963928e+00  -1.2777071e+00
  -1.8236473e+00  -1.2183684e+00
  -5.0100200e-01   3.9679710e-01
   8.9579158e+00  -4.4289856e-01
  -6.3527054e+00   9.2812033e-01
  -5.9118236e+00   1.2947187e+00
  -7.9158317e+00  -1.0598985e+00
  -3.9879760e+00   8.6192554e-02
   6.6332665e+00   1.2823190e+00
  -4.0681363e+00   1.9894770e-01
   2.8657315e+00  -6.8981532e-01
  -9.0180361e-01  -1.6425063e-01
   1.1422846e+00   1.3251027e+00
  -1.0020040e-01   8.9495132e-01
   5.3507014e+00  -2.0726144e-01
  -7.1142285e+00  -6.4529346e-02
  -4.9498998e+00   1.2072107e+00
  -7.7555110e+00  -8.9684413e-01
  -2.4649299e+00  -1.4058614e+00
  -7.6753507e+00  -8.0640542e-01
  -1.7835671e+00  -1.1886186e+00
  -2.8657315e+00  -1.2345667e+00
  -6.2124248e-01   2.3110996e-01
   1.7434870e+00   8.1329240e-01
   1.8637275e+00   6.6864187e-01
  -8.3166333e+00  -1.3411947e+00
  -5.0701403e+00   1.2868554e+00
  -8.2765531e+00  -1.3221445e+00
   8.0360721e+00   8.0238136e-01
  -7.5951904e+00  -7.1078777e-01
   9.7595190e+00  -1.2730200e+00
   2.4649299e+00  -1.5347219e-01
   3.9078156e+00  -1.4139536e+00
   7.3146293e+00   1.3716219e+00
  -8.8376754e+00  -1.3865003e+00
   4.6693387e+00  -1.0421105e+00
  -1.4629259e+00  -8.8652622e-01
   7.7154309e+00   1.1285251e+00
  -7.4148297e-01   6.2085508e-02
   5.8717435e+00   5.1661391e-01
   2.7855711e+00  -5.8874293e-01
   6.5130261e+00   1.2015251e+00
  -3.2665331e+00  -8.6758948e-01
   5.9919840e+00   6.7079646e-01
   9.4789579e+00  -1.0526861e+00
  -4.3486974e+00   5.7886323e-01
  -6.6132265e-01   1.7501941e-01
   6.5931864e+00   1.2573929e+00
  -2.7054108e+00  -1.3288532e+00
   4.9098196e+00  -7.8442324e-01
  -2.0641283e+00  -1.3543230e+00
  -8.4368737e+00  -1.3853150e+00
  -4.1082164e+00   2.5489114e-01
  -1.2224449e+00  -5.9858800e-01
  -7.9559118e+00  -1.0965634e+00
   5.0300601e+00  -6.3761035e-01
   9.8396794e+00  -1.3182558e+00
  -1.1022044e+00  -4.4057467e-01
  -6.6332665e+00   5.9637075e-01
  -3.5470942e+00  -5.2442499e-01
  -3.9478958e+00   2.9561945e-02
   2.5050100e+00  -2.0968100e-01
   7.4749499e+00   1.2990445e+00
   8.2765531e+00   5.0193029e-01
  -2.6653307e+00  -1.3471752e+00
   4.2685371e+00  -1.3325256e+00
  -3.4068136e-01   6.0839785e-01
  -7.8156313e-01   5.4235482e-03
  -8.0360721e+00  -1.1645532e+00
  -6.4328657e+00   8.3969665e-01
   6.9539078e+00   1.4049249e+00
  -6.1122244e+00   1.1555510e+00
   5.7915832e+00   4.0953881e-01
  -8.7575150e+00  -1.4043567e+00
  -7.6352705e+00  -7.5920632e-01
   7.9559118e+00   8.9305584e-01
  -7.1543086e+00  -1.2108523e-01
  -1.2625251e+00  -6.4944765e-01
  -5.1102204e+00   1.3093234e+00
  -8.5571142e+00  -1.4094308e+00
   4.3887776e+00  -1.2660858e+00
  -2.5450902e+00  -1.3890578e+00
   4.7895792e+00  -9.1990877e-01
   2.6252505e+00  -3.7592841e-01
  -5.8717435e+00   1.3164764e+00
  -4.2685371e+00   4.7368296e-01
  -6.6733467e+00   5.4451001e-01
   1.3426854e+00   1.2002331e+00
  -9.1583166e+00  -1.2280280e+00
   6.0721443e+00   7.6833544e-01
   6.3927856e+00   1.1033809e+00
   4.0681363e+00  -1.4001499e+00
   2.0240481e+00   4.6113666e-01
   4.6292585e+00  -1.0795814e+00
   9.5190381e+00  -1.0896814e+00
  -8.1162325e+00  -1.2250640e+00
   4.7494990e+00  -9.6221000e-01
   1.0020040e-01   1.0950170e+00
  -1.3426854e+00  -7.4795750e-01
   5.5911824e+00   1.3188886e-01
  -4.1883768e+00   3.6546059e-01
  -9.4388778e+00  -9.8580127e-01
  -8.6773547e+00  -1.4131940e+00
   8.1563126e+00   6.5689876e-01
  -2.3046092e+00  -1.4123323e+00
  -8.2364729e+00  -1.3009706e+00
   4.1082164e+00  -1.3910537e+00
   6.2324649e+00   9.4801536e-01
   4.5490982e+00  -1.1492637e+00
  -9.3987976e+00  -1.0256400e+00
   8.1963928e+00   6.0618859e-01
  -5.4709419e+00   1.4137040e+00
   9.2384770e+00  -7.9747092e-01
   7.5551102e+00   1.2501112e+00
  -7.5551102e+00  -6.6122756e-01
   5.1503006e+00  -4.8159014e-01
  -6.4729459e+00   7.9342564e-01
   7.5150301e+00   1.2756023e+00
   2.7054108e+00  -4.8388950e-01
  -2.7855711e+00  -1.2858389e+00
  -6.3927856e+00   8.8461893e-01
  -7.5150301e+00  -6.1060528e-01
   3.1462926e+00  -1.0046889e+00
  -4.2284569e+00   4.1990900e-01
   7.0340681e+00   1.4133713e+00
  -5.8116232e-01   2.8682930e-01
  -9.2384770e+00  -1.1679213e+00
   2.6653307e+00  -4.3025449e-01
   1.8036072e-01   1.1631635e+00
   6.2124248e-01   1.3952018e+00
  -2.9058116e+00  -1.2059347e+00
  -6.2725451e+00   1.0105834e+00
   9.0380762e+00  -5.4902214e-01
  -1.8036072e-01   8.0439459e-01
  -3.1863727e+00  -9.5423241e-01
  -3.4268537e+00  -6.7818026e-01
  -9.8396794e+00  -5.1205638e-01
   4.5090180e+00  -1.1813633e+00
   9.8196393e-01   1.3869802e+00
  -9.5190381e+00  -9.0144021e-01
   4.7094188e+00  -1.0029657e+00
   7.8356713e+00   1.0181416e+00
   7.8757515e+00   9.7799490e-01
  -7.2745491e+00  -2.8922431e-01
  -9.7995992e+00  -5.6446690e-01
  -5.4108216e-01   3.4208793e-01
  -8.7975952e+00  -1.3965501e+00
  -8.1563126e+00  -1.2523913e+00
   2.0641283e+00   4.0719673e-01
   9.0180361e-01   1.4046429e+00
  -7.2344689e+00  -2.3352302e-01
   2.1843687e+00   2.4180436e-01
   4.0280561e+00  -1.4069972e+00
  -7.7955912e+00  -9.3993848e-01
  -7.3146293e+00  -3.4446106e-01
   9.4388778e+00  -1.0139999e+00
   4.3486974e+00  -1.2903168e+00
   1.1022044e+00   1.3438355e+00
  -6.1923848e+00   1.0865563e+00
  -5.9919840e+00   1.2450029e+00
   6.2725451e+00   9.8930338e-01
  -4.4288577e+00   6.8032590e-01
  -4.9098196e+00   1.1767243e+00
   2.3046092e+00   7.2920240e-02
   8.9178357e+00  -3.8872676e-01
  -2.1042084e+00  -1.3695515e+00
  -3.5070140e+00  -5.7663039e-01
  -5.2304609e+00   1.3639816e+00
  -2.0240481e+00  -1.3369192e+00
  -3.0260521e+00  -1.1086163e+00
   8.3567134e+00   3.9444848e-01
  -2.0040080e-02   9.7976047e-01
   8.6372745e+00   2.9772685e-03
   3.6673347e+00  -1.3668067e+00
   3.0661323e+00  -9.2176542e-01
   7.1543086e+00   1.4090204e+00
   1.0220441e+00   1.3747991e+00
   2.7454910e+00  -5.3674728e-01
   3.3466934e+00  -1.1827063e+00
  -9.3587174e+00  -1.0638313e+00
  -1.7034068e+00  -1.1234423e+00
   5.8116232e-01   1.3848209e+00
  -1.4028056e-01   8.5035588e-01
   9.4188377e-01   1.3969334e+00
  -4.9899800e+00   1.2357580e+00
   9.3186373e+00  -8.8843086e-01
  -9.5991984e+00  -8.1128988e-01
   9.3987976e+00  -9.7368509e-01
   4.5891784e+00  -1.1153183e+00
  -1.5030060e+00  -9.2996471e-01
  -2.1442886e+00  -1.3825802e+00
  -1.9839679e+00  -1.3173680e+00
  -9.3186373e+00  -1.1003139e+00
   8.3166333e+00   4.4854962e-01
   9.6392786e+00  -1.1899423e+00
  -2.3446894e+00  -1.4141200e+00
  -8.3967936e+00  -1.3728054e+00
   8.6773547e+00  -5.3691729e-02
  -6.5931864e+00   6.4727359e-01
   3.4268537e+00  -1.2409962e+00
   1.5831663e+00   9.8755380e-01
  -6.7134269e+00   4.9177468e-01
  -5.6713427e+00   1.3929678e+00
  -3.2264529e+00  -9.1164309e-01
  -4.6693387e+00   9.5603647e-01
   1.4629259e+00   1.1018490e+00
   7.3547094e+00   1.3567180e+00
   8.7575150e+00  -1.6668012e-01
   4.3086172e+00  -1.3124752e+00
